V=-0.034735512748588
hNa=0.454706120407293
mh=0.032834744275582
mK2=0.205951547789834
